[
    {
        "camera_internal": {
            "fx": 1911.8004284815,
            "fy": 1911.4993382887,
            "cx": 1919.4136786982,
            "cy": 1085.2378689507
        },
        "width": 3840,
        "height": 2160,
        "camera_external": [
            0.0232491,
            -0.997502,
            -0.0667006,
            0.253536,
            0.0987451,
            0.0686836,
            -0.99274,
            -0.364732,
            0.994841,
            0.016494,
            0.100095,
            -0.119295,
            0.0,
            0.0,
            0.0,
            1.0
        ],
        "rowMajor": true
    },
    {
        "camera_internal": {
            "fx": 509.9832406642,
            "fy": 509.6943933421,
            "cx": 964.0331001745,
            "cy": 764.0007851419
        },
        "width": 1920,
        "height": 1536,
        "camera_external": [
            -0.008786540982875568,
            -0.999702690046315,
            -0.022744850224115765,
            -0.04080284723593097,
            0.031171786645265764,
            0.022460842045773977,
            -0.9992616425601138,
            -1.0569970215191524,
            0.9994754206156838,
            -0.009489050993434556,
            0.030965165853676757,
            -0.37961607077993165,
            0.0,
            0.0,
            0.0,
            1.0
        ],
        "rowMajor": true
    },
    {
        "camera_internal": {
            "fx": 510.545228811,
            "fy": 511.0510726843,
            "cx": 959.9473472386,
            "cy": 767.2709106535
        },
        "width": 1920,
        "height": 1536,
        "camera_external": [
            0.999909,
            0.0130763,
            0.00322396,
            0.572427,
            0.00327916,
            -0.00420171,
            -0.999986,
            -0.226405,
            -0.0130626,
            0.999905,
            -0.0042442,
            -0.796399,
            0.0,
            0.0,
            0.0,
            1.0
        ],
        "rowMajor": true
    },
    {
        "camera_internal": {
            "fx": 510.1355067259,
            "fy": 510.2367174273,
            "cx": 958.9423173562,
            "cy": 768.2943357117
        },
        "width": 1920,
        "height": 1536,
        "camera_external": [
            -0.999099,
            -0.00730728,
            -0.0417955,
            -1.20773,
            0.0412792,
            0.0604082,
            -0.99732,
            -0.11996,
            0.00981248,
            -0.998147,
            -0.0600522,
            -0.697949,
            0.0,
            0.0,
            0.0,
            1.0
        ],
        "rowMajor": true
    },
    {
        "camera_internal": {
            "fx": 1015.3881573058,
            "fy": 1015.463170222,
            "cx": 961.1984689223,
            "cy": 765.2334051341
        },
        "width": 1920,
        "height": 1536,
        "camera_external": [
            -0.000628583,
            0.999717,
            0.0238101,
            -0.267776,
            0.0473831,
            0.0238132,
            -0.998593,
            -0.0682492,
            -0.998877,
            0.000500438,
            -0.0473847,
            -3.10832,
            0.0,
            0.0,
            0.0,
            1.0
        ],
        "rowMajor": true
    }
]